$ANSIBLE_VAULT;1.1;AES256
64393831613965613266373766383731653266376630626266356336626665643830393135636438
3935346363373463336564386536373862386236626237350a643032633633366566626566313433
61636536623366376631613134383936353531323537376137326535303435396134656164643262
6263333763366166310a373338646630633239353361396164663363633431653734363566343736
34613563356139393131613637343662343931343963356165383436386137623733613433326361
62643664356330303665343436613835383965393134653539383336383330363266623736666632
32313836346230633732636264303734633432653263343232353632393466663933653462313564
64626239376131343938646466653336306332646662313834396430636462633061613732643964
31343961386339623832646264623962393431393766646561326662626565386436623039333763
35343964353134346362636361653636346639333137376639316164666234353437393331343362
32396464626431313534386163663935373737353039333533336232613633666663363834373931
61663563316135616462663961663232643864613036323430316232643636396263666166663935
35323863613661663361633230373831313164326439656262343436343636376265653233336631
32356433633062666537323561653033346532336665626336613163663764393436323433613634
65613662356231303431343535353764356265353663613532653939353036633065613664336531
62663839356530356137363637633265343166613930346636623636303165383639383931356437
66383862626133383966376663313661383161306133303734386537656566393738
